4889
5270
5299
17065
20666
22785
25983
34291
38229
5243
6847
7178
8859
12289
14419
11576
16754
18161
2302
2861
3302
9064
11549
13221
12257
16086
19075
14763
15866
16763
56055
65546
73418
79700
99936
114299
11851
15411
16172
24805
31344
37571
32667
43858
51071
8470
8998
9516
26170
31260
36840
33657
44993
53031
27705
29182
30521
100107
116499
128359
138922
178515
202164
18300
21005
23602
40926
50284
58243
53182
69334
82175
13846
14647
15596
45097
53553
59011
54297
71851
84783
54875
57340
59232
191845
232783
257582
252876
339625
384336
34931
41656
48414
89217
109475
119259
111022
137346
168306
25505
27057
29649
83574
103879
116958
106508
145428
168352
112295
113351
114493
338889
439127
