3387
4765
4066
7969
9726
14822
9544
19675
23573
1557
1557
1807
3714
3964
3289
2626
3259
4108
809
1430
1483
4773
5264
5776
5427
7529
7665
14613
14351
14662
45005
44228
47783
43738
58617
72355
4034
4670
5153
14542
13969
13541
11831
19601
24822
6421
5806
7421
16627
19551
25348
19616
25348
30210
25769
26486
26486
66451
86921
93943
81689
107154
132635
9433
10822
14649
11322
18957
21744
13478
19376
26901
9923
11728
11728
26553
34049
42266
28371
42266
47433
53123
53123
53123
120107
173920
192515
141020
210581
229226
24319
24196
33923
33255
53656
60756
36707
49292
67156
17052
22524
22524
46413
68981
78460
60518
82024
98820
101743
113093
113093
274285
383410
454625
385028
602768
602768
44776
45938
47814
130272
171860
203629
161104
259650
259650
60595
80209
88065
114221
162844
180808
120306
162844
213718
9066
9917
10645
23586
36622
43033
39870
59520
59520
1285
4075
3510
11350
16031
20752
14779
27053
28737
2861
4430
5828
5315
13652
14165
7337
14165
16618
31200
34887
34887
84534
125680
145402
123401
194212
194212
10276
12857
13845
38356
50471
60522
49344
79509
79509
15960
20716
23763
33044
52698
52698
37509
52698
64707
50279
56672
56594
141404
196649
230108
198506
313778
313778
19923
22833
24512
65376
81882
98415
77491
127178
127178
31527
41692
42232
51285
90179
90531
65550
90179
113769
141414
141578
141578
548937
628341
695178
778447
964318
1139546
61035
61035
61035
241375
276429
306711
335712
420167
491925
116642
122929
127130
237430
304130
385512
262331
373436
445086
288807
288807
288807
1138400
1292182
1434193
1497931
1927236
2258747
122635
122635
122635
496904
553137
621844
675020
842286
982146
236491
244805
244686
495146
628757
795589
537134
788577
935350
29354
29455
29455
120159
140561
148448
159403
206649
227008
11915
12221
12221
44510
53243
57406
64611
82125
95649
17033
20433
21729
35463
48569
64031
43377
57837
81471
84163
84163
84163
324557
382977
397958
462469
588391
683782
38066
38503
38503
145003
165181
186169
192760
246281
286434
66254
72755
76215
134212
176443
229836
146111
209294
257690
85771
105361
131897
131704
183115
192465
141352
168658
205373
24034
28393
37436
54682
79794
96620
55746
71054
90474
30965
38230
45700
30610
43131
54143
37426
48187
56057
133382
187456
237353
224693
282081
364476
258165
