3528
4501
4546
16111
19900
21754
24545
31489
35168
4417
5555
6208
8552
11597
14574
11385
16306
17747
2302
2650
2999
8834
9904
13138
10517
15890
19150
14740
15123
15735
60401
65033
70812
74711
99073
113287
12262
14113
16686
25735
31916
35067
33373
43436
49689
7110
7887
9027
25377
31570
36303
30951
43061
52566
26171
27437
28474
94179
113805
132407
133441
176388
198693
15914
20128
22713
45692
49233
56465
49710
63451
80116
12097
13655
14077
38661
52072
59066
49366
71809
81929
53041
55466
56447
183336
223669
252579
248807
299051
378705
35292
40553
48274
79105
109026
113835
103243
132095
168655
24570
27866
28155
80661
103216
113414
96477
147332
156335
