3528
4501
4546
16111
19900
21754
24545
31489
35168
4417
5555
6208
8552
11597
14574
11385
16306
17747
2302
2650
2999
8834
9904
13138
10517
15890
19150
14740
15123
15735
55808
65033
70812
74711
99073
113287
11825
14113
16686
24135
29794
36544
32797
39849
51411
7110
7887
9027
25377
31570
36303
30951
43061
52566
26171
27431
28474
94179
118675
132407
133441
176388
198693
15937
20065
22713
43874
50022
55872
55544
67430
78637
12097
13655
14111
38661
52072
59066
49366
71809
81929
53041
55466
56447
183336
223669
252579
248807
299051
378705
35555
40553
48274
79105
104406
118273
100495
132095
164457
24730
28429
28107
80661
103216
113414
96477
147332
156335
111584
112606
112709
334723
439127
489034
459792
586228
612792
43562
55117
57698
151851
190910
218920
185678
242769
259650
70800
82989
97763
157523
205995
183510
177193
236235
258195
10626
10302
10781
31137
40704
44805
43148
55608
59520
4287
5224
6008
13825
20654
24013
19584
26010
28737
2926
6598
7612
11946
16375
18537
13533
21010
18896
33898
34508
34689
103082
138464
153818
142201
183250
194212
10346
16436
16715
43086
59927
65240
57654
75589
79509
19965
25620
29879
43160
55596
65794
54335
67151
72381
56044
55990
55843
174234
230046
252401
244762
301102
313778
18624
26874
28446
71457
95673
106133
94581
120328
127178
33207
42305
48172
81686
105918
89953
95843
123461
134503
143575
147935
150948
