3528
3528
4091
7158
9372
10500
10500
14575
18349
612
711
711
3861
5054
6126
4470
6126
6305
1999
1494
2408
4393
5527
5692
5287
6460
7864
13811
12631
14182
30534
41796
45420
38618
53202
61699
1446
2030
2030
2030
2030
2030
2030
2030
2030
3979
2513
3720
13272
18342
21320
14937
22809
25544
20104
23330
26323
58816
78635
94996
71966
105314
117557
2447
1568
2152
1568
2152
2152
2152
2152
2152
10386
6777
8628
22430
31219
38844
24568
38480
43694
36049
52083
50844
111915
147812
172034
125592
197088
231352
2883
3567
5800
2983
3567
5800
3567
3567
5800
9083
13264
20028
44280
66185
68549
48425
76129
86020
