3387
4765
4066
7969
9726
14822
9544
19675
23573
1557
1557
1807
3714
3964
3289
2626
3259
4108
809
1430
1483
4773
5264
5776
5427
7529
7665
14613
14351
14662
45005
44228
47783
43738
58617
72355
4034
4670
5153
14542
13969
13541
11831
19601
24822
6421
5806
7421
16627
19551
25348
19616
25348
30210
25769
26486
26486
66451
86921
93943
81689
107154
132635
9433
10822
14649
11322
18957
21744
13478
19376
26901
9923
11728
11728
26553
34049
42266
28371
42266
47433
53123
53123
53123
120107
173920
192515
141020
210581
229226
24319
24196
33923
33255
53656
60756
36707
49292
67156
17052
22524
22524
46413
68981
78460
60518
82024
98820

